-512476337076743664
4351666325972782162
1746894331415275469
-1055956636178766678
8868717317635197246
-7064285933862745525
-1511556805296820015
-7004855212106319199
-3899995911280030250
80149877661549775
2506876787693250421
-8610677557876807744
3889886835165231841
8000908942502919548
-8857876404746188595
-8129786971277670468
1074857002795566623
6446503195584524735
-2305089931648932893
-8921545044416898210
8075637839767888513
-968034709521006242
5394965953860265010
8173411951886194437
1278213397084172976
-3760800160054172433
1794221260495612972
8636710000313499937
6910866356429032325
-1231750789671635874
-3784695668931870794
5193498631748100281
-4544601468431694193
2756227219447479659
4376697416499740327
-7034061457748853786
7375912227993756816
-5444340225037981143
8080915859619114828
1883693218477844054
4217822436914741248
5536115269242845057
-961046990354556697
4494691004599541706
9058940558915522441
-5106757906749801555
8684607307613122091
7489133216748421784
7919359100739926153
4223461834706369725
8268269160146913218
840669582011367977
-1978365582634552941
6872704073226213141
-6134288618885976377
-7102195041344620164
3302780879098541294
-5283520714744826899
-8099384391082608820
1650373476632644001
9030655763811959572
-8547658367180550192
-4518870087494030634
3702866910234626111
5473619391897613621
9077630507779658013
-7386745790035819812
2039931685885476368
-7215631599250677839
-2754228040950337911
-2523872030991207605
8067131213314192735
-7608793375217662814
-2081516914475555429
-8937606913635351291
4796983795589535889
4139253905095431760
-4411970724929339089
-8612301497323356067
-570640391931141991
-3407479007790577222
2664382930852524020
-647540952350136420
-7287166706359954559
-3979715560288405228
-4282323805170947346
1296632861015310720
-6739999551011466520
73826744249751107
-194921396284003340
3798037869733557176
-932822996259882369
2497472502270471523
8954345465766327347
5089839518237584745
4407537229602344587
-6156943938139883710
2887478186480050857
-259483027828088404
-3822457287504528794
