-8937606913635351291
-8921545044416898210
-8857876404746188595
-8612301497323356067
-8610677557876807744
-8547658367180550192
-8129786971277670468
-8099384391082608820
-7608793375217662814
-7386745790035819812
-7287166706359954559
-7215631599250677839
-7102195041344620164
-7064285933862745525
-7034061457748853786
-7004855212106319199
-6739999551011466520
-6156943938139883710
-6134288618885976377
-5444340225037981143
-5283520714744826899
-5106757906749801555
-4544601468431694193
-4518870087494030634
-4411970724929339089
-4282323805170947346
-3979715560288405228
-3899995911280030250
-3822457287504528794
-3784695668931870794
-3760800160054172433
-3407479007790577222
-2754228040950337911
-2523872030991207605
-2305089931648932893
-2081516914475555429
-1978365582634552941
-1511556805296820015
-1231750789671635874
-1055956636178766678
-968034709521006242
-961046990354556697
-932822996259882369
-647540952350136420
-570640391931141991
-512476337076743664
-259483027828088404
-194921396284003340
73826744249751107
80149877661549775
840669582011367977
1074857002795566623
1278213397084172976
1296632861015310720
1650373476632644001
1746894331415275469
1794221260495612972
1883693218477844054
2039931685885476368
2497472502270471523
2506876787693250421
2664382930852524020
2756227219447479659
2887478186480050857
3302780879098541294
3702866910234626111
3798037869733557176
3889886835165231841
4139253905095431760
4217822436914741248
4223461834706369725
4351666325972782162
4376697416499740327
4407537229602344587
4494691004599541706
4796983795589535889
5089839518237584745
5193498631748100281
5394965953860265010
5473619391897613621
5536115269242845057
6446503195584524735
6872704073226213141
6910866356429032325
7375912227993756816
7489133216748421784
7919359100739926153
8000908942502919548
8067131213314192735
8075637839767888513
8080915859619114828
8173411951886194437
8268269160146913218
8636710000313499937
8684607307613122091
8868717317635197246
8954345465766327347
9030655763811959572
9058940558915522441
9077630507779658013
